9.378849627815344370e-01
9.378849627815344370e-01
9.378849627815344370e-01
9.669043808338075863e-01
9.079155821947039184e-01
9.165485290027342025e-01
9.524066537719578784e-01
9.427781122846522477e-01
9.429858599267522123e-01
9.427169026880930502e-01
9.427115188052723749e-01
9.427116061638314282e-01
9.427116076320014582e-01
9.427116081099969902e-01
9.427116071369145978e-01
9.427116066589191767e-01
9.427116066589191767e-01
9.735235177156075226e-01
9.214424457318868278e-01
9.257648204174422357e-01
9.569165295092132428e-01
9.487242061427889617e-01
9.490876596390156461e-01
9.489979982204456155e-01
9.489974843959817496e-01
9.489974519946129394e-01
9.489974526309475911e-01
9.489974506743105165e-01
9.489974513582780657e-01
9.489974519946129394e-01
9.797392511689342331e-01
9.299931014105211613e-01
9.332666560070462802e-01
9.631296346400370911e-01
9.534805581448779765e-01
9.543852831837135176e-01
9.543336514709175322e-01
9.543262382657814458e-01
9.543262388101658722e-01
9.543262377213970193e-01
9.543262382657814458e-01
9.779250390654942171e-01
9.535282410427037281e-01
9.518746145135107417e-01
9.608049148131607708e-01
9.669791157054806741e-01
9.604132202452563272e-01
9.615150376491198303e-01
9.617166949109351437e-01
9.616814171495317032e-01
9.616788561886857600e-01
9.616789965501275628e-01
9.616789947366816138e-01
9.616789937205404426e-01
9.616789927043986053e-01
9.616789937205404426e-01
9.806568562828621438e-01
9.626395416546449368e-01
9.602751500460576795e-01
9.663777380887867974e-01
9.713075639323675015e-01
9.668896147877762415e-01
9.676879220108273172e-01
9.679548250257943298e-01
9.678781402949387935e-01
9.678744820684215266e-01
9.678749600978732159e-01
9.678749535430124507e-01
9.678749544663506343e-01
9.678749524942575899e-01
9.678749535430124507e-01
9.898720119850246135e-01
9.603193797877753735e-01
9.606593505993855642e-01
9.774317020842356873e-01
9.703664798396721691e-01
9.716072483017427208e-01
9.720679912729509597e-01
9.718991781938424168e-01
9.718965143796763906e-01
9.718971400315554732e-01
9.718971370862781178e-01
9.718971366510399390e-01
9.718971376453293676e-01
9.718971370862781178e-01
9.862300394504921464e-01
9.743194344360543990e-01
9.712005494360670399e-01
9.751277113492645698e-01
9.788640299619225660e-01
9.750903058760099773e-01
9.759002171938089276e-01
9.769518750129151385e-01
9.760642080872692361e-01
9.760988809310665593e-01
9.761096557200199531e-01
9.761090059282800935e-01
9.761089828340913099e-01
9.761089835045582142e-01
9.761089841750248963e-01
9.761089835045582142e-01
9.885719236241505836e-01
