6.724235345742661796e-01
5.936957775366846768e-01
5.398887407530247318e-01
3.520034927980871808e-01
3.249750522118590723e-01
3.938898028270814144e-01
2.745955048986116198e-01
5.314867447829465519e-01
2.423797095630622622e-01
1.281228243389426757e-01
1.625573068084649742e-01
4.553599547861536534e-02
6.159230739097121266e-02
6.579228377044327170e-02
5.988774063177565443e-02
1.076517514251190688e-01
2.274809108587839135e-01
1.213468070475384186e-01
8.086247729406159657e-02
1.327758996460891572e-01
5.931941188723527381e-02
6.573372878208483261e-02
6.546518840518317228e-02
2.240077094207982844e-01
1.738823256755255842e-01
2.559274154404989621e-01
