1.685310472979501384e+01
1.685310472979501384e+01
1.685310472979501384e+01
2.138899830876347252e+01
2.764314215640713002e+01
2.271075217409324409e+01
1.742409210714572509e+01
1.665812579463536736e+01
1.665871206560875351e+01
1.665808938222355451e+01
1.665808914996426182e+01
1.665808914989890255e+01
1.665808914989889900e+01
1.665808914989890255e+01
1.665808914989885636e+01
1.665808914989885636e+01
1.665808914989885636e+01
2.276954819737293079e+01
2.551798544107371214e+01
2.271191600235703945e+01
1.689552155120701826e+01
1.621110545833267480e+01
1.621036456036543427e+01
1.621027403685022961e+01
1.621027403354272067e+01
1.621027403353111396e+01
1.621027403353113527e+01
1.621027403353116370e+01
1.621027403353113527e+01
1.621027403353111396e+01
2.475375426201555484e+01
2.552633850548371797e+01
2.294059680583376348e+01
1.686929889950553374e+01
1.580102369508614046e+01
1.579073165558744485e+01
1.579068223916224412e+01
1.579068144764833370e+01
1.579068144764834081e+01
1.579068144764833903e+01
1.579068144764833370e+01
2.099373624638396052e+01
1.614204431710812671e+01
1.699502285322265749e+01
1.431367769287244407e+01
1.502283176887509697e+01
1.433616255502844616e+01
1.429397686568316139e+01
1.429329890176564533e+01
1.429326125193596475e+01
1.429326109633212738e+01
1.429326109582147453e+01
1.429326109582139281e+01
1.429326109582139281e+01
1.429326109582152604e+01
1.429326109582139281e+01
1.841035489624239929e+01
1.391431971605561202e+01
1.496749834925132561e+01
1.305746025729554205e+01
1.337144084462910953e+01
1.301483685789530931e+01
1.298354171018482184e+01
1.298258781438325471e+01
1.298237561314455846e+01
1.298237528214026426e+01
1.298237527473252406e+01
1.298237527473111541e+01
1.298237527473118469e+01
1.298237527473119712e+01
1.298237527473111541e+01
2.588762387709372348e+01
1.752111805390094190e+01
1.721485536313090137e+01
1.348586427139075283e+01
1.247112834360619793e+01
1.238861442568290805e+01
1.238661847099322877e+01
1.238555869140061994e+01
1.238555855413776818e+01
1.238555854004997592e+01
1.238555854004962242e+01
1.238555854004966683e+01
1.238555854004965084e+01
1.238555854004962242e+01
1.728775285689506092e+01
1.161000387135730350e+01
1.272553168352172825e+01
1.149075153814567152e+01
1.184614577287296200e+01
1.149473486993029780e+01
1.144179320532730593e+01
1.147737204309002301e+01
1.143957787495035738e+01
1.143947647955341829e+01
1.143947106502871591e+01
1.143947104095458656e+01
1.143947104092714362e+01
1.143947104092710454e+01
1.143947104092715250e+01
1.143947104092710454e+01
1.694592109961035575e+01
