7.748604270679488870e-01
6.409960961625931208e-01
5.872857740485251110e-01
2.071924772422438776e-01
1.607544533791191999e-01
3.893313623373210741e-01
1.207477319337401656e-01
1.160339319368678401e-01
3.053762337850086661e-01
1.583662097676808433e-01
2.074216639632796566e-01
6.001579684887753396e-02
8.745576005571492617e-02
9.685677061856240444e-02
9.162688926434420233e-02
1.481946196254691483e-01
3.000466884199353701e-01
1.627839476876648539e-01
1.141463287866180121e-01
1.779433634445686252e-01
8.778647237882719612e-02
9.387197455924395362e-02
9.196904001361855263e-02
2.903328027789772170e-01
2.174327561338542103e-01
3.333698440708721122e-01
