1.064160100794845754e+01
1.064160100794845754e+01
1.064160100794845754e+01
1.807943639214423115e+01
1.843470037587752230e+01
1.436560507436666434e+01
1.266475748434151427e+01
1.093593702310059257e+01
1.095729805828397652e+01
1.092977965103285953e+01
1.092924103049149842e+01
1.092924976628204448e+01
1.092924991309904570e+01
1.092924996089860201e+01
1.092924986359031614e+01
1.092924981579077581e+01
1.092924981579077581e+01
2.012189996893368260e+01
1.766223001426239492e+01
1.528839804410126391e+01
1.258717450212834166e+01
1.108352607261156919e+01
1.111913052426699977e+01
1.111007385889479337e+01
1.111002247314089608e+01
1.111001923299240879e+01
1.111001929662589482e+01
1.111001910096221756e+01
1.111001916935894052e+01
1.111001923299240879e+01
2.272767937890897727e+01
1.852564864653583498e+01
1.626726240653839284e+01
1.318226236350924196e+01
1.114907950957393723e+01
1.122925997395879705e+01
1.122404738625399823e+01
1.122330527422647783e+01
1.122330532866492803e+01
1.122330521978804185e+01
1.122330527422647783e+01
1.878624015293338090e+01
1.149486842137850040e+01
1.218248430457373210e+01
1.039416917418852115e+01
1.172074333942316393e+01
1.037748457955407844e+01
1.044548063059514398e+01
1.046496839285915925e+01
1.046140296688913551e+01
1.046114671520070338e+01
1.046116075083422992e+01
1.046116056948955375e+01
1.046116046787543752e+01
1.046116036626138701e+01
1.046116046787543752e+01
1.647604052452861367e+01
1.017827388152010570e+01
1.099501335385709311e+01
9.695234066174220899e+00
1.050219723786585924e+01
9.703798336672933900e+00
9.752333911267554001e+00
9.778070316962686803e+00
9.770189642638438698e+00
9.769823488982416038e+00
9.769871284519846100e+00
9.769870629032361364e+00
9.769870721366247679e+00
9.769870524156957003e+00
9.769870629032361364e+00
2.487482507559618483e+01
1.355305603267847836e+01
1.328079042306945645e+01
1.122903447981432201e+01
9.507776327573415287e+00
9.549339255857180575e+00
9.593417598288324299e+00
9.575476510784861617e+00
9.575209992105406798e+00
9.575272543205523235e+00
9.575272248677434206e+00
9.575272205153661176e+00
9.575272304582588490e+00
9.575272248677434206e+00
1.591075680194427733e+01
9.041947314962742510e+00
9.845586627128431800e+00
9.003522673072128057e+00
9.732548769065218153e+00
9.003765457531295979e+00
9.031814924708198689e+00
9.172559544381536867e+00
9.045998683677280994e+00
9.049364572660074657e+00
9.050436637030710330e+00
9.050371633782596348e+00
9.050369324336275056e+00
9.050369391382925954e+00
9.050369458429642577e+00
9.050369391382925954e+00
1.580311346202541323e+01
