5.481236158790151469e-01
5.044680555739688987e-01
5.232363067443214222e-01
4.517065238651209458e-01
3.283736660054208389e-01
3.315204881135949133e-01
1.484010055010908102e-01
2.704527881284654045e-01
2.305424638402453485e-01
8.250598213304927153e-03
5.774085602025658126e-02
3.710221849766870417e-02
1.509195168337051918e-01
7.027217652456413388e-02
2.709095361944025004e-02
5.565927731889136476e-01
7.476051644527814677e-02
2.402742787714831074e-01
2.051032395692055088e-01
1.501683953482951805e-01
8.314143592234202185e-03
1.569676760955645567e-01
6.546404956720902613e-02
2.144875375242817350e-01
5.513591354827929170e-02
3.791695109640597638e-01
